
LAST_TEMPLATE_ID
1788409
1788409
1788409
1788409
1788409
1788409
1788409
1788409
1788409
1788409
1788409
1788409
1788409
1788409
1788409
1788409
1788409
1788409
1788409
1788409
1788409
1788409
1788409
1788409
1788593
1788593
1788593
1788593
1788593
1788593
1788594
1788594
1788594
1788594
1788594
1788594
1788594
1788594
1788595
1788595
1788595
1788595
1788595
1788595
1788595
1788595
1789223
1789223
1788409
1788409
1788409
1788409
1788409
1788595
1788595
1788595
1788409
1788594
1788594
1788594
1788594
1788594
1788594
1788594
1788594
1788594
1788594
1788594
1788594
1788594
1788594
1788594
1788594
1788594
1788594
1788594
1788594
1788409
1788409
1788409
1788409
1788409
1788409
1788409
1788409
1788409
